105 105

50 50
49 50
51 50

50 40
49 40
51 40

50 30
49 30
51 30

45 50
44 50
43 50
44 51
43 51
42 51

45 40
44 40
43 40
44 41
43 41
42 41

45 30
44 30
43 30
44 31
43 31
42 31

38 50
37 50
38 51
37 51
36 49
36 48
35 49
35 48

38 40
37 40
38 41
37 41
36 39
36 38
35 39
35 38


38 30
37 30
38 31
37 31
36 29
36 28
35 29
35 28




64 26
64 27
64 28
64 32
64 33
64 34
66 24
66 29
66 31
66 36
67 24
67 29
67 31
67 36
68 24
68 29
68 31
68 36
69 26
69 27
69 28
69 32
69 33
69 34
71 26
71 27
71 28
71 32
71 33
71 34
72 24
72 29
72 31
72 36
73 24
73 29
73 31
73 36
74 24
74 29
74 31
74 36
76 26
76 27
76 28
76 32
76 33
76 34

64 46
64 47
64 48
64 52
64 53
64 54
66 44
66 49
66 51
66 56
67 44
67 49
67 51
67 56
68 44
68 49
68 51
68 56
69 46
69 47
69 48
69 52
69 53
69 54
71 46
71 47
71 48
71 52
71 53
71 54
72 44
72 49
72 51
72 56
73 44
73 49
73 51
73 56
74 44
74 49
74 51
74 56
76 46
76 47
76 48
76 52
76 53
76 54

